30 2
16 -3.204010 -1.555090
13 -3.242692 -1.490675
0 0.515878 -1.431631
14 -2.325231 -1.188871
3 0.556078 -1.466061
8 0.540257 -1.443442
1 0.544837 -1.447626
5 0.554292 -1.460457
2 0.548733 -1.453812
7 0.546008 -1.471751
15 -2.318167 -1.224196
21 0.518574 -1.421233
6 0.536115 -1.438318
4 0.517377 -1.424950
20 4.454557 -6.560895
9 4.520689 -6.636981
22 0.532231 -1.381322
18 -3.999149 -2.109239
11 -3.961616 -2.066593
17 -4.262651 -2.153026
12 -4.166690 -2.092521
19 -3.492109 -2.229620
10 -3.719878 -2.285524
24 0.589295 -1.453175
26 0.556590 -1.422891
23 0.553845 -1.411118
25 0.510599 -1.403354
29 0.565569 -1.424380
27 0.561679 -1.450180
28 0.559865 -1.444226
